%YAML:1.0
---
transform:
   q_x: -1.8252509868889259e-04
   q_y: -1.6291774489779708e-03
   q_z: -1.2462127842978489e-03
   q_w: 9.9999787970731446e-01
   t_x: -1.2075905420832895e+02
   t_y: 5.4110610639412482e-01
   t_z: 2.4484815673909591e-01
