%YAML:1.0
---
model_type: KANNALA_BRANDT
camera_name: camera_right
image_width: 752
image_height: 480
projection_parameters:
   k2: -1.6877708507279571e-02
   k3: -2.2125250367976849e-02
   k4: 2.5629804328110812e-02
   k5: -1.3352680211095494e-02
   mu: 3.6746513955323167e+02
   mv: 3.6703089274525593e+02
   u0: 3.6200946050656484e+02
   v0: 2.4919721516867821e+02
