%YAML:1.0
---
transform:
   q_x: -7.8278125678242136e-04
   q_y: 2.4666921736014214e-03
   q_z: -1.4477856356187120e-03
   q_w: 9.9999560329032322e-01
   t_x: -1.1985630585227842e+02
   t_y: 1.2186198275182303e-01
   t_z: -1.4431533628123798e+00
