%YAML:1.0
---
transform:
   q_x: -7.0955103716253032e-04
   q_y: -1.5775578725333590e-03
   q_z: -1.2732644461763854e-03
   q_w: 9.9999769332040711e-01
   t_x: -1.2006984141573309e+02
   t_y: 3.3956264524978619e-01
   t_z: -1.6784055634087214e-01
